1325.88
1311.94
1310.74
1316.56
3066.12
3007.95
3258.76
1307.82
1193.33
1308.11
1315.06
3080.60
3002.24
3350.15
1313.05
1324.26
1320.36
1326.47
3089.04
3093.56
3127.45
1308.86
1318.00
1327.23
1326.47
3004.14
3096.07
3290.76
1317.29
1048.58
1325.18
1328.86
2912.90
3108.71
3170.62
1328.60
1340.51
1327.68
1350.35
3002.53
3134.73
3326.31
1340.46
1341.08
1342.06
1344.77
3146.52
3155.14
3202.26
1340.61
1348.97
1351.36
1357.71
3048.78
3101.73
3262.38
1361.12
1372.74
1344.49
1371.70
3023.89
3144.57
3232.70
1350.37
1365.57
1356.79
1367.10
3035.67
3195.36
3237.00
1366.69
1351.73
1369.97
1316.20
3071.02
3186.06
3265.62
1358.30
1380.25
1359.46
1306.03
3777.53
3061.99
3319.21
1400.84
1398.68
1381.32
1235.88
3769.38
3655.92
3186.56
1401.78
1386.93
1228.69
1370.21
3651.60
2572.86
3296.91
1411.08
1410.42
1390.64
1380.36
3691.37
2934.83
3213.29
1415.10
1382.43
1399.61
1234.68
3641.81
3533.64
3360.45
1297.87
1336.69
1437.16
1301.96
3664.81
2846.76
3124.26
1288.41
1399.41
1283.86
1198.18
3758.89
3005.04
3276.14
1414.51
1358.22
1307.61
1381.22
3070.18
3062.97
3187.24
1356.68
1507.61
1218.58
1265.88
3676.45
3801.73
2999.61
1314.11
1221.14
1398.13
1085.10
3895.08
2829.03
2896.89
1241.07
1290.08
1272.31
1113.81
3775.28
2963.18
3126.23
1357.21
1309.35
1299.18
1028.40
3659.23
2782.39
3021.15
1347.20
1324.84
1266.69
1297.36
3459.92
2949.69
2841.82
1256.84
1178.46
1196.93
1349.20
3512.40
3345.44
2821.81
1284.00
1141.56
1168.88
1128.19
3404.63
2799.10
2754.12
1278.93
1228.92
1143.93
1222.57
3458.79
2717.45
2777.21
1178.19
1193.17
1174.25
1132.36
3548.74
3676.37
2775.59
1221.89
1202.86
1209.01
1231.76
3910.03
2595.96
2949.19
1082.44
1090.54
1151.97
1203.67
3289.07
2747.67
2822.17
1196.31
1217.06
1169.03
1073.00
3218.07
2577.94
2777.83
1350.24
1163.25
1150.50
1172.02
3544.48
2605.46
2737.34
1056.40
1217.51
1252.03
1107.33
3341.97
2525.52
2586.30
1186.45
1100.99
1087.01
1103.29
3416.28
2657.46
2853.84
1131.59
1270.67
1233.28
1106.01
3207.43
2553.49
2618.23
1105.48
1154.51
1239.12
1084.60
3782.89
3581.10
2642.39
1166.60
1161.54
1281.42
1189.47
3396.33
2676.96
2724.71
1154.80
1223.03
1095.67
1123.15
3371.68
2502.90
2891.37
1079.27
1192.74
1231.56
1158.95
3454.46
2411.84
2619.33
1142.09
1134.76
1196.58
1172.53
3163.60
2354.05
2674.65
1129.88
1102.57
1067.02
1069.06
3507.91
3416.75
2517.02
1144.46
1229.31
1140.23
1164.98
3283.75
2558.51
2760.30
1266.35
1190.20
1260.28
1138.42
3358.65
2487.60
2563.63
1175.33
1144.76
1129.73
1098.62
3243.72
2488.51
2588.61
1062.30
1158.91
1084.37
1158.69
3266.92
2490.69
2734.31
1171.97
1157.99
1175.71
1080.72
3585.43
3442.23
2621.28
1097.61
1106.38
1108.92
1102.86
3668.83
2428.21
2644.67
1208.02
1129.18
1108.24
1112.30
3111.85
3440.63
2619.63
14.36
99.38
541.42
636.06
599.18
575.41
602.93
575.17
503.61
208.08
207.32
203.28
552.93
1840.10
3545.77
647.68
613.08
612.95
623.74
572.20
201.94
207.10
560.61
1863.38
3642.77
599.43
541.67
549.49
606.54
564.86
204.97
198.57
553.18
1908.10
3596.03
563.25
565.17
610.60
548.71
612.48
205.66
203.08
603.76
1960.12
3503.04
545.05
614.31
557.41
559.52
600.29
204.10
200.97
550.04
2053.84
3548.48
562.28
547.68
587.65
579.83
642.31
205.03
210.97
632.37
1923.50
3440.04
556.77
550.95
606.12
537.58
555.27
222.34
218.00
553.11
1921.83
3686.27
615.05
590.60
543.08
556.93
570.33
202.19
205.71
640.70
1899.87
3552.12
571.08
556.06
557.58
563.97
596.48
203.24
209.53
581.73
1964.82
3557.99
590.83
560.82
586.36
601.80
622.33
202.12
199.47
566.01
1952.01
3646.28
617.40
583.58
625.70
521.57
638.12
202.85
203.77
538.43
1852.89
3576.66
610.55
557.75
584.92
639.49
597.52
202.81
217.36
620.30
1956.48
3477.19
560.05
536.74
546.24
665.92
579.36
211.94
201.44
571.89
1940.97
3531.15
594.66
612.83
593.11
601.05
574.11
204.57
207.52
569.20
1974.82
3402.66
623.93
570.83
586.63
619.85
581.62
230.54
212.43
543.96
1970.28
3511.58
586.41
618.99
564.56
600.64
627.26
200.71
217.98
585.11
1972.09
3350.64
588.77
563.68
574.05
547.12
627.80
205.63
204.13
591.63
1821.57
3541.07
657.14
537.47
585.63
555.84
578.60
198.31
213.45
555.26
1965.85
3530.27
576.73
601.35
674.29
571.17
616.21
204.27
184.31
587.56
1878.56
3450.27
568.82
617.89
600.90
537.13
620.82
220.85
202.43
585.66
1893.16
3426.08
590.30
638.55
619.87
545.08
614.07
205.82
211.31
609.43
1928.63
3442.86
624.57
587.32
625.47
581.89
563.17
208.83
212.03
618.54
1897.95
