1319.93
1311.29
1307.50
1308.54
3056.72
3048.73
3246.94
1309.07
1306.96
1305.19
1305.06
3055.06
3048.80
3241.64
1307.17
1308.36
1403.78
1309.28
3048.46
3046.15
3241.02
1306.47
1308.69
1305.25
1119.85
2338.01
2405.75
3379.92
1361.14
1330.75
1148.32
1334.48
2920.31
3125.76
3312.17
1327.47
1326.86
1337.24
1164.75
3120.14
3117.54
3176.47
1332.82
1335.73
1337.15
1327.58
2948.84
3130.41
3455.61
1347.77
1347.60
1353.34
1338.05
3074.95
3141.05
3269.18
1362.62
1305.20
1362.77
1347.76
3049.88
3159.35
3213.46
1363.48
1347.69
1357.10
1383.67
3104.35
3213.76
3247.10
1371.97
1361.90
1386.13
1322.09
3043.13
3143.20
3323.15
1269.11
1387.47
1403.53
1317.29
3121.86
3236.24
3160.54
1379.83
1386.94
1399.01
1319.80
3125.98
3105.78
3222.24
1394.68
1387.09
1399.49
1411.30
3082.38
3136.48
3117.82
1379.50
1267.71
1419.80
1409.22
3101.03
3096.41
3182.50
1224.36
1237.25
1328.66
1300.98
3008.08
3220.93
3089.60
1267.98
1313.34
1315.04
1242.29
3185.04
2949.00
3294.01
1399.84
1372.75
1216.70
1330.66
3071.10
3113.66
3175.80
1304.29
1298.30
1310.31
1263.44
2805.20
2975.22
3075.72
1361.73
1303.99
1307.36
1378.39
3181.31
2860.98
3160.62
1230.44
1136.14
1223.15
1261.03
3178.42
2785.72
3068.95
1386.97
1341.01
1270.75
1174.34
3062.11
2991.08
2937.22
1291.13
1467.14
1354.68
1160.09
2952.06
2719.50
3099.82
1219.15
1102.07
1160.65
1230.75
3143.95
2726.25
2913.87
1330.80
1417.35
1293.11
1246.73
2813.14
2994.44
2920.88
1394.43
1275.23
1240.52
1378.21
2611.00
2740.20
3053.84
1274.86
1318.64
1161.21
1168.25
2609.51
2645.20
2816.65
1292.72
1273.81
1261.13
1166.96
2462.74
2756.63
2912.03
1156.13
1041.00
1324.41
973.58
2797.93
2904.19
2727.37
1281.03
1072.34
1218.94
1234.96
2578.95
2618.17
2774.23
1107.77
1136.74
1170.88
1119.66
2810.00
2822.92
2916.98
1148.37
1288.55
1136.22
1076.35
2640.67
2684.49
2809.56
1095.48
1200.90
1214.30
1137.34
2576.40
2721.74
2685.12
1104.05
1139.70
1144.86
1120.84
2641.86
2668.37
2959.40
1225.03
1268.70
1204.05
1084.81
2694.87
2859.80
2742.96
1134.99
1235.69
1157.08
1075.53
2509.00
2575.61
2613.48
1102.13
1242.24
1119.65
1121.85
2782.75
2731.22
2756.73
1137.60
1143.04
1140.69
1031.79
2600.79
2499.53
2606.10
1148.17
1140.09
1169.44
1162.82
2597.17
2646.08
2653.07
1168.46
1114.18
1273.64
1126.09
2505.71
2588.93
2767.17
1067.06
1147.92
1143.90
1138.41
2449.62
2431.56
2752.97
1075.71
1082.13
1187.83
1118.05
2465.02
2505.50
2607.70
1176.22
1103.39
1128.97
1158.77
2527.32
2394.76
2594.54
1196.67
1181.95
1069.23
1161.45
3164.56
2510.85
2659.60
1183.42
1106.73
1300.76
1081.51
3298.29
3203.95
2548.32
1241.21
1122.69
1061.50
1151.58
2576.37
2448.45
2597.48
1106.91
1226.46
1255.29
1171.99
3554.92
3455.65
2566.92
1126.61
1194.63
1143.46
1090.02
2560.87
2581.49
2592.08
40.65
91.76
466.79
497.23
469.61
420.32
416.76
493.12
376.12
187.60
185.51
190.36
393.04
1363.20
2385.06
476.47
474.45
434.25
429.08
477.37
175.75
175.95
451.37
1380.35
2339.40
465.55
446.26
465.05
428.34
433.93
172.36
159.81
478.45
1537.33
2341.87
486.78
440.37
488.04
461.99
467.41
163.77
191.99
419.48
1618.37
2613.91
486.08
459.49
507.76
468.93
484.74
179.35
156.51
419.66
1418.26
2621.01
467.43
401.04
437.47
417.27
476.97
191.31
182.83
473.19
1550.85
2763.08
423.09
480.60
495.10
577.59
479.37
177.23
173.72
432.92
1520.52
2593.05
480.00
487.36
514.14
474.36
466.50
188.50
192.20
483.43
1506.34
2510.08
431.42
442.25
419.41
451.67
486.79
189.77
189.46
490.28
1562.13
2616.79
480.77
435.41
447.77
494.28
479.49
176.53
170.05
471.66
1459.12
2388.78
471.21
453.01
480.30
464.56
482.01
168.42
166.42
397.53
1557.36
2576.90
462.23
479.30
504.26
508.84
475.97
182.14
184.77
440.47
1448.65
2405.68
455.18
449.45
467.71
521.17
429.72
164.03
183.53
441.80
1404.33
2554.44
485.24
469.54
502.13
419.76
481.75
168.74
180.58
384.37
1386.46
2566.73
444.41
478.86
469.17
